128
1213.0 7808.0
1666.0 1666.0
3854.0 9573.0
3631.0 9511.0
285.0 5000.0
1506.0 1834.0
7222.0 9157.0
336.0 4308.0
6368.0 9511.0
7423.0 956.0
4308.0 9663.0
9438.0 3411.0
5462.0 9691.0
1506.0 8165.0
738.0 7015.0
842.0 2777.0
9043.0 7423.0
308.0 4537.0
4537.0 9691.0
9573.0 6145.0
6804.0 644.0
3195.0 644.0
488.0 6368.0
5231.0 291.0
9261.0 2984.0
6588.0 9438.0
956.0 2576.0
644.0 6804.0
842.0 7222.0
2380.0 8919.0
8919.0 2380.0
5919.0 376.0
8786.0 2191.0
2191.0 8786.0
9691.0 4537.0
9355.0 3195.0
1355.0 7990.0
738.0 2984.0
308.0 5462.0
291.0 4768.0
1080.0 7619.0
9708.0 4768.0
2191.0 1213.0
4537.0 308.0
9691.0 5462.0
426.0 3854.0
956.0 7423.0
2984.0 738.0
5462.0 308.0
8333.0 8333.0
291.0 5231.0
9511.0 6368.0
9261.0 7015.0
9663.0 4308.0
3411.0 9438.0
5000.0 9714.0
376.0 4080.0
644.0 3195.0
1834.0 8493.0
3195.0 9355.0
6804.0 9355.0
5231.0 9708.0
376.0 5919.0
4768.0 291.0
8644.0 2009.0
3631.0 488.0
8165.0 1506.0
9573.0 3854.0
7808.0 8786.0
2009.0 1355.0
8493.0 8165.0
5000.0 285.0
9157.0 2777.0
561.0 3411.0
1213.0 2191.0
4080.0 376.0
4768.0 9708.0
6145.0 9573.0
9355.0 6804.0
4308.0 336.0
7990.0 8644.0
7619.0 8919.0
6368.0 488.0
9714.0 5000.0
7990.0 1355.0
9663.0 5691.0
9157.0 7222.0
8644.0 7990.0
9511.0 3631.0
8919.0 7619.0
336.0 5691.0
4080.0 9623.0
1666.0 8333.0
2984.0 9261.0
8493.0 1834.0
7015.0 9261.0
7423.0 9043.0
9623.0 5919.0
426.0 6145.0
2009.0 8644.0
7808.0 1213.0
8165.0 8493.0
9438.0 6588.0
2380.0 1080.0
9708.0 5231.0
7619.0 1080.0
7222.0 842.0
5691.0 9663.0
8786.0 7808.0
6588.0 561.0
7015.0 738.0
1834.0 1506.0
561.0 6588.0
2777.0 9157.0
488.0 3631.0
1080.0 2380.0
1355.0 2009.0
6145.0 426.0
2576.0 9043.0
2576.0 956.0
5691.0 336.0
5919.0 9623.0
9043.0 2576.0
3411.0 561.0
2777.0 842.0
9623.0 4080.0
8333.0 1666.0
3854.0 426.0
64 94
108 74
48 23
32 64
114 45
51 19
5 116
0 36
127 65
10 18
24 36
12 127
6 42
60 95
55 76
23 71
53 62
96 81
56 7
108 89
126 66
109 82
55 71
80 69
84 100
22 112
97 45
25 71
97 85
66 58
63 43
1 5
34 53
4 50
38 90
59 54
67 98
84 118
120 3
108 115
30 46
28 46
15 37
13 92
99 33
104 83
26 15
91 10
35 27
30 40
77 43
23 76
77 127
47 124
14 28
86 5
6 124
100 29
83 112
75 127
64 36
31 91
121 77
72 28
70 5
41 34
82 10
121 75
88 22
106 113
120 10
87 26
117 31
106 110
51 114
89 74
30 32
61 63
24 14
88 50
113 93
115 26
88 11
9 106
8 63
107 75
62 98
125 90
82 117
124 119
86 52
19 56
32 0
64 14
54 3
29 118
100 33
101 49
9 118
84 99
78 102
120 48
86 15
27 14
78 39
24 72
48 18
16 26
41 22
32 28
67 38
35 13
37 57
125 62
20 59
48 54
16 86
72 122
119 103
69 111
12 43
105 33
87 116
3 2
96 119
85 114
104 39
83 41
85 7
101 21
89 115
89 16
102 17
81 103
110 20
9 99
80 47
50 38
83 4
42 69
17 39
61 12
44 17
23 59
18 76
81 119
8 65
122 40
52 37
41 50
66 84
94 13
7 17
49 70
25 123
82 3
31 2
67 88
94 27
52 1
49 37
16 116
104 57
110 92
80 101
105 9
102 51
95 6
103 42
40 0
93 59
109 18
117 2
122 46
34 98
11 112
60 111
118 113
77 8
94 126
44 73
57 73
36 13
52 78
33 29
44 104
12 107
20 76
61 65
53 90
81 68
111 1
20 109
87 108
68 124
8 25
49 1
78 57
25 60
100 105
112 27
102 73
95 47
71 63
34 38
123 21
58 99
107 121
21 47
65 123
60 21
97 56
31 120
79 75
11 35
53 125
11 4
96 103
98 22
46 40
126 93
19 45
110 93
66 113
105 29
55 123
51 7
73 114
70 15
117 91
116 74
39 4
90 62
92 58
125 67
72 0
70 87
122 30
95 69
126 92
74 115
68 42
85 44
19 97
106 58
55 61
109 54
107 79
43 79
2 91
35 24
101 111
45 56
121 79
6 96
68 80
